114A-5V F 127 49 68 3 4 2 1 2 A 0.46 3 4 1 2 4
478E-9V F 115 53 70 5 2 5 3 5 B 0.68 2 5 2 4 2
518B-7Y F 139 22 74 2 3 5 1 4 C 0.55 1 2 5 4 3
914D-8W M 187 53 81 3 3 5 2 2 A 0.53 4 2 4 4 4
054C-9V F 124 39 70 1 3 4 2 3 B 0.60 3 2 1 5 1
732B-6W F 137 39 70 5 2 2 1 3 C 0.93 4 2 5 5 3
410D-8X F 148 43 59 5 5 2 4 2 A 0.55 3 3 3 2 3
332A-9V M 228 31 70 2 3 4 2 2 B 0.50 5 3 1 4 2
474D-7Y F 131 32 61 3 1 5 4 4 C 0.70 2 1 3 3 5
478E-9X F 149 50 59 4 5 4 1 2 A 0.54 1 5 3 3 2
352E-6V M 207 21 58 1 1 2 4 2 B 0.36 4 4 1 1 1
454E-6W F 118 26 72 2 3 1 1 4 C 0.51 1 2 3 2 1
814C-5V F 147 54 70 4 4 1 4 4 A 0.57 1 2 5 1 5
872B-5W F 155 56 80 1 4 1 3 3 B 0.77 5 1 3 3 2
694A-6Z F 137 66 70 1 1 4 4 5 C 1.26 2 1 2 4 4
134C-6Y M 216 51 76 2 3 1 1 5 A 0.54 5 1 1 4 4
994D-9V F 146 27 69 4 1 5 4 2 B 0.49 1 3 2 1 4
430C-6Z M 234 49 64 5 4 1 1 1 C 0.92 1 1 2 3 1
450A-7W M 197 61 75 2 4 3 1 4 A 0.48 5 3 1 1 1
634E-8X M 200 39 82 5 2 5 3 5 B 0.59 2 4 1 4 1
778E-5W F 116 51 76 1 2 5 1 4 C 1.00 4 4 2 4 3
538B-7W M 198 59 81 5 1 3 2 3 A 0.53 5 4 2 3 4
812E-6Z M 207 48 76 4 2 5 4 3 B 0.71 4 4 4 4 4
138C-5X F 129 70 78 2 5 3 4 3 C 1.27 2 2 3 3 3
790D-6W F 154 70 70 2 3 2 1 4 A 0.57 4 4 5 3 2
292C-5V F 149 53 79 1 4 2 2 2 B 0.72 4 5 1 4 3
438B-5V F 121 27 76 5 1 5 4 5 C 0.61 5 4 1 3 3
298A-9Y M 226 36 62 5 2 4 3 3 A 0.51 2 3 2 1 4
774E-8Y F 120 68 59 4 3 2 1 5 B 0.87 5 3 4 4 1
190D-9V M 188 24 68 1 2 3 5 5 C 0.56 5 5 5 4 1
898C-9W M 221 56 80 2 5 3 1 3 A 0.50 4 5 4 5 3
332A-9V M 190 43 74 5 3 5 3 1 B 0.55 1 1 4 1 1
918D-9V F 146 47 66 3 1 3 1 1 C 0.92 5 3 4 3 2
838D-7Y M 225 64 63 1 3 1 2 5 A 0.46 4 5 2 3 3
118C-5W F 132 65 82 5 2 3 5 1 B 0.75 3 4 1 2 5
098C-8Z F 147 25 78 3 2 1 4 4 C 0.62 2 5 4 4 5
552E-8Y M 216 38 77 3 5 4 5 5 A 0.43 1 2 2 4 1
318A-6V M 232 30 81 2 4 5 2 2 B 0.46 2 2 4 2 5
096C-8X M 233 35 68 5 3 4 4 5 C 0.77 2 1 3 2 5
798C-8Z F 124 35 68 5 5 1 2 5 A 0.41 2 2 3 4 5
690D-5W M 224 37 79 3 5 4 4 3 B 0.57 5 4 2 2 3
914E-7X F 117 65 61 2 3 5 4 5 C 1.23 5 3 1 4 1
736D-6W M 211 24 72 2 1 2 4 5 A 0.32 1 4 4 3 2
234A-5V M 194 52 67 2 5 2 3 2 B 0.80 3 5 5 1 5
956A-6V M 188 25 78 3 1 4 3 5 C 0.59 2 5 1 4 1
852A-6Z F 127 31 73 2 5 2 1 1 A 0.43 1 5 5 4 5
952D-7W F 143 24 73 2 1 3 4 4 B 0.44 4 1 3 5 5
050A-9Y M 226 37 65 1 1 3 2 5 C 0.75 4 4 2 1 5
296A-5V F 118 43 75 3 1 4 2 3 A 0.47 1 2 5 4 1
778C-5Y F 150 46 70 4 1 5 1 2 B 0.68 3 1 4 2 4
992C-9W F 147 24 58 2 4 1 3 1 C 0.53 2 1 2 5 5
554C-8W M 215 60 62 4 4 1 4 1 A 0.61 3 1 1 4 5
112B-6W F 143 22 79 5 5 3 4 5 B 0.41 3 3 3 3 5
090D-7Y M 230 59 65 5 3 1 4 4 C 1.07 2 5 1 5 4
378C-5Z M 205 67 82 3 3 4 2 1 A 0.54 2 3 4 1 1
554C-8Y F 121 69 63 1 5 5 1 2 B 0.88 4 2 5 1 3
074C-9Y M 206 40 60 5 4 2 1 2 C 0.81 2 4 1 4 2
556A-6Y F 139 61 60 2 4 5 3 1 A 0.48 3 2 2 1 5
054E-6Z M 233 26 68 3 5 3 2 2 B 0.42 4 1 2 5 4
878A-8X M 209 44 73 5 1 3 3 4 C 0.82 5 5 3 1 4
672A-6Y M 209 25 72 1 1 4 4 4 A 0.39 5 2 5 2 5
056C-7W F 138 43 67 2 2 2 2 2 B 0.62 2 1 4 5 4
678E-5V F 121 35 82 5 3 1 4 4 C 0.76 3 4 5 5 1
098E-9Z F 131 46 66 1 2 4 3 2 A 0.54 2 5 5 5 2
572A-9X M 220 55 70 2 5 1 4 3 B 0.79 1 2 3 2 5
630C-5X F 118 67 72 3 2 4 2 4 C 1.24 1 3 2 4 1
734D-7V M 221 40 78 5 5 4 5 4 A 0.39 3 4 1 1 4
792B-7Z M 215 38 62 1 2 4 3 1 B 0.51 2 5 5 5 1
914D-8Y M 228 46 70 2 2 4 4 3 C 0.92 2 4 5 2 2
372A-8W F 133 45 66 2 3 5 2 2 A 0.58 2 3 5 3 3
194A-9Z M 219 39 79 5 4 5 5 4 B 0.60 4 2 2 3 2
352A-6Y F 119 52 68 1 5 1 5 3 C 0.95 5 5 3 3 3
634C-7Z F 128 66 60 3 2 1 5 4 A 0.63 5 1 3 2 5
650A-8Y F 133 24 59 3 4 4 5 4 B 0.42 2 5 2 3 4
014D-8X M 186 70 76 3 1 2 5 1 C 1.28 4 1 1 4 4
054E-9Z F 146 27 79 3 3 4 2 1 A 0.46 5 3 5 1 1
170A-9X M 191 39 82 5 5 3 4 2 B 0.65 4 4 3 4 4
034C-5X M 221 66 71 2 5 3 2 1 C 1.17 4 4 1 4 4
536B-9Y F 152 64 80 2 2 3 3 3 A 0.56 3 5 4 1 2
290B-5W F 131 25 62 4 5 3 2 5 B 0.40 1 2 1 3 5
116D-6W M 235 37 66 1 2 2 1 5 C 0.78 3 3 3 1 1
390B-9W M 215 34 63 3 3 4 3 3 A 0.41 3 2 1 1 2
378A-5Y F 131 54 73 5 2 5 1 4 B 0.78 5 1 1 1 3
030D-8X M 213 64 77 5 3 4 4 2 C 1.23 2 5 4 5 1
614A-9W F 151 53 73 2 4 3 2 4 A 0.50 5 5 5 3 3
578C-7W F 119 51 64 2 1 1 1 2 B 0.80 3 3 1 4 5
496C-5W M 223 40 68 1 4 3 5 1 C 0.86 3 2 2 5 3
212D-9X F 139 35 79 4 2 2 2 2 A 0.36 3 2 3 3 5
492E-9Z F 117 56 59 1 5 2 4 2 B 0.68 3 4 5 5 4
556A-9Z M 205 66 75 3 1 5 1 2 C 1.19 1 5 1 4 1
712B-7X M 231 49 64 5 4 3 1 5 A 0.52 1 3 4 5 2
414D-6Y F 148 55 76 1 3 3 2 1 B 0.73 2 5 2 3 4
174E-5Z M 220 42 73 5 1 2 4 3 C 0.95 4 4 1 5 3
234B-9V M 205 53 77 2 5 4 3 3 A 0.53 1 3 5 4 1
758E-7W F 133 36 64 1 1 2 4 1 B 0.65 5 4 3 3 4
696E-9V M 222 64 59 1 1 5 1 1 C 1.24 4 1 1 1 4
954C-6Y M 205 59 78 4 4 2 5 2 A 0.51 2 5 2 2 4
618A-7V F 123 47 59 5 5 2 4 1 B 0.57 4 5 3 2 2
818E-7V M 185 60 82 3 1 5 4 1 C 1.08 2 4 4 5 3
216D-8V M 204 30 82 2 4 5 1 4 A 0.47 5 4 3 4 3
558B-8W M 232 38 77 1 1 3 5 2 B 0.54 2 3 3 5 4
016E-7X M 212 27 61 1 3 4 5 5 C 0.57 5 2 2 2 5
872D-7Y F 155 55 72 5 2 2 5 1 A 0.53 3 2 4 3 2
214C-8Z M 227 66 77 2 3 2 4 2 B 0.77 2 5 1 5 4
190E-9Y F 124 39 61 3 4 1 5 4 C 0.85 3 5 1 4 3
676A-7Z M 209 33 60 2 5 3 1 5 A 0.50 2 3 5 4 4
816D-5W F 122 49 79 3 3 2 1 1 B 0.67 1 5 3 3 3
354E-8W F 128 34 68 3 5 2 4 3 C 0.78 2 5 3 3 3
270D-6Y F 136 42 69 1 3 4 2 3 A 0.55 1 3 3 5 5
254B-7W F 136 68 75 5 4 1 5 3 B 0.91 4 5 3 5 4
090C-6V M 231 63 71 1 3 1 2 2 C 1.15 1 3 3 1 1
838A-9Z M 210 57 76 1 1 5 3 1 A 0.46 3 3 3 3 3
318A-9X F 127 45 74 3 5 5 5 1 B 0.62 2 1 5 3 3
450E-7W F 147 22 60 5 1 1 1 3 C 0.67 3 1 1 1 2
112B-5V M 189 30 78 3 2 3 1 5 A 0.38 3 5 4 1 2
454C-8Z F 147 51 76 1 4 3 5 4 B 0.71 2 4 1 1 5
776E-9Z M 205 23 64 3 1 5 4 1 C 0.63 5 3 3 4 1
176C-7V M 203 67 58 4 4 5 2 5 A 0.62 5 1 3 1 2
750C-5Z F 121 47 74 1 5 5 2 3 B 0.71 1 5 1 2 3
212B-8X F 138 40 65 2 2 5 3 4 C 0.78 3 1 4 5 5
032E-8W F 126 50 72 2 4 4 5 3 A 0.59 2 1 1 3 2
894B-9W M 192 29 80 3 3 5 5 5 B 0.48 5 2 1 5 4
450B-6W F 134 44 69 1 2 2 3 1 C 0.87 2 2 5 2 2
972B-8Y M 205 22 63 5 4 5 4 2 A 0.35 4 3 3 3 5
850D-8X M 192 42 69 5 4 3 5 4 B 0.63 2 1 3 1 1
454A-5V M 209 64 77 5 2 2 2 4 C 1.26 1 2 3 4 4
238E-8Z M 202 55 68 5 1 3 4 5 A 0.51 2 3 3 3 2
630D-9Z M 217 65 67 3 3 5 1 3 B 0.82 1 4 2 5 5
410A-8V M 192 28 82 1 3 5 3 5 C 0.67 2 1 1 5 1
032A-6V M 186 55 61 2 2 2 4 2 A 0.53 4 3 4 1 3
296B-9W F 149 55 66 2 4 3 4 5 B 0.80 4 3 5 5 4
696B-7Z F 117 36 66 1 4 1 1 3 C 0.79 2 3 3 1 4
212C-5Y M 187 64 67 4 3 4 5 3 A 0.57 3 3 4 3 1
594B-9X M 187 56 64 2 1 5 1 5 B 0.67 3 4 3 5 1
114B-9Y M 223 48 65 3 4 3 4 1 C 1.02 3 3 1 2 4
896C-5V M 192 67 70 3 4 3 2 1 A 0.52 5 3 5 4 1
572B-6W F 121 39 79 4 2 1 1 2 B 0.61 2 1 5 3 3
816E-7W M 202 21 66 5 4 3 3 2 C 0.58 1 5 2 3 1
034A-5V M 211 70 76 3 2 4 2 3 A 0.56 3 2 3 2 5
970B-5X M 223 30 59 4 4 5 5 4 B 0.47 4 3 2 2 2
274C-8V M 199 37 76 3 2 4 2 4 C 0.77 5 2 4 1 2
350E-5Z M 215 70 59 5 3 1 5 5 A 0.66 2 5 5 3 4
034E-8W M 201 51 70 1 1 5 3 3 B 0.63 5 5 5 4 3
214C-6Y F 139 37 66 3 5 1 2 3 C 0.78 4 4 2 5 5
534C-6Z M 200 49 58 3 2 3 1 4 A 0.46 4 4 5 5 2
498D-8W F 145 49 69 2 5 3 1 2 B 0.68 3 2 3 2 3
972A-5V M 228 69 80 5 3 5 4 5 C 1.36 5 1 4 1 1
930B-9Z M 205 61 80 5 3 4 2 3 A 0.59 4 1 5 5 1
214A-5X M 223 41 70 1 4 5 5 3 B 0.61 5 4 1 4 4
914D-7W F 116 41 60 1 4 3 2 3 C 0.83 4 1 2 4 4
510A-8V F 117 66 80 3 4 1 1 4 A 0.57 3 3 1 4 1
378B-9Z M 223 42 74 4 5 2 5 4 B 0.64 1 2 5 4 2
478C-8X M 195 49 67 1 2 4 5 1 C 0.98 4 5 5 3 2
492D-8Y F 141 27 70 4 5 1 3 2 A 0.42 2 4 4 4 2
654C-5X F 136 43 67 4 2 2 3 5 B 0.58 2 5 5 2 2
058E-9Z M 219 56 71 5 4 3 3 2 C 1.07 2 2 2 4 1
772D-6W M 197 29 58 4 2 3 2 3 A 0.38 1 4 2 2 2
938A-5Z M 209 68 73 2 4 1 4 3 B 0.82 2 3 4 2 2
018A-5W F 154 57 70 1 4 5 1 5 C 1.07 3 1 5 3 3
498B-6W F 123 38 74 5 3 4 1 5 A 0.41 3 4 1 2 1
174E-7V M 186 62 60 4 5 4 4 1 B 0.74 5 3 1 4 2
496A-8V F 148 27 77 1 3 3 4 5 C 0.60 5 1 1 5 4
818A-5Y F 123 46 82 3 4 1 4 4 A 0.48 2 2 3 5 4
496E-5W F 124 21 61 4 2 3 4 5 B 0.42 1 3 2 4 4
638B-9V M 207 58 77 4 2 5 4 5 C 1.10 4 1 2 4 3
096D-5Z M 232 53 71 1 4 1 1 2 A 0.49 1 3 3 5 4
790A-5Z F 143 49 70 1 1 2 3 3 B 0.65 4 4 2 5 3
178E-7Y F 150 50 68 5 2 1 3 2 C 1.00 1 3 3 2 3
594A-6Z M 230 55 59 4 2 2 2 3 A 0.58 5 1 5 3 4
372C-5Y M 204 58 58 4 4 5 5 1 B 0.70 1 2 4 5 4
512C-5W F 143 35 74 5 2 1 5 4 C 0.74 3 5 4 4 2
816D-8X M 211 48 64 5 3 3 4 5 A 0.48 1 3 1 2 3
892C-9X F 133 23 70 5 1 3 5 2 B 0.45 5 4 5 1 5
014D-7X M 232 62 59 4 1 2 3 4 C 1.09 3 4 4 4 1
476D-6Y M 221 34 74 1 2 1 1 4 A 0.44 5 4 1 3 5
952D-5X F 132 30 74 3 2 5 4 4 B 0.40 5 1 5 4 5
176C-7V M 210 55 72 5 2 2 1 4 C 1.09 3 3 2 2 3
952C-7V M 232 58 58 5 4 3 1 4 A 0.49 2 3 2 3 2
818A-6Y M 210 57 75 1 4 1 4 2 B 0.71 3 1 1 3 5
710D-7Y M 203 57 59 1 3 3 5 5 C 1.12 2 4 5 3 3
110D-8X M 224 43 69 1 4 1 5 2 A 0.40 3 5 3 5 5
898D-6X F 130 51 82 4 1 1 1 2 B 0.67 1 2 2 5 4
814D-5W F 146 32 59 1 4 2 4 1 C 0.71 3 1 2 4 2
818A-9Y M 192 24 81 1 4 3 5 2 A 0.43 4 4 4 1 2
770B-6X M 222 32 60 5 2 5 1 5 B 0.64 5 5 4 5 2
158B-8Y F 131 38 61 1 4 4 2 4 C 0.85 2 2 4 4 3
958C-9Z F 129 44 64 1 2 2 5 5 A 0.51 3 2 3 1 5
610E-7Y M 233 30 82 1 5 1 4 5 B 0.35 3 5 4 2 3
532A-6W F 149 22 76 2 4 1 4 1 C 0.56 2 1 4 5 5
490D-9Y M 214 43 81 2 2 5 4 1 A 0.47 4 4 4 3 1
732A-5W F 120 32 80 4 5 1 4 1 B 0.46 5 5 5 1 3
092C-6V M 228 57 71 5 1 4 3 3 C 1.11 4 3 1 4 5
870D-9Z F 136 40 62 5 1 1 4 2 A 0.37 5 4 5 4 5
058B-7Y F 143 39 63 3 5 2 3 3 B 0.52 3 5 2 3 4
074B-7V F 124 54 76 3 1 3 2 4 C 1.06 3 1 5 5 4
310C-7Y F 149 47 71 3 1 5 4 4 A 0.49 4 1 4 3 5
952A-9Z M 211 29 76 1 4 2 4 2 B 0.51 3 4 1 3 3
672D-6X M 229 47 61 2 4 1 4 5 C 0.93 2 3 2 5 3
096E-5W F 145 66 78 2 5 1 2 5 A 0.65 3 1 5 4 4
156C-9Z M 213 35 72 4 5 4 2 1 B 0.62 3 4 4 1 3
110E-6X M 196 23 77 1 1 4 1 2 C 0.63 3 4 1 3 1
658D-7Y M 186 29 63 2 4 5 2 1 A 0.49 3 2 1 3 3
756A-7V F 129 51 69 3 2 1 5 2 B 0.84 2 3 2 2 2
376B-9Z F 149 38 67 4 1 1 2 1 C 0.81 2 4 1 5 1
076D-8Z F 130 57 77 2 4 1 2 1 A 0.44 3 4 5 1 1
692B-9Z F 131 58 82 1 1 5 4 4 B 0.68 2 3 2 3 4
890B-9Y M 211 49 82 4 4 3 5 5 C 1.02 1 1 3 2 3
314A-7X F 119 50 59 3 5 5 4 4 A 0.54 1 4 4 5 5
756B-9Y M 219 52 62 1 4 2 3 3 B 0.70 3 3 1 1 5
512A-8W M 185 27 69 3 3 3 1 1 C 0.59 4 5 1 3 4
958D-6Z F 132 50 68 2 4 1 1 3 A 0.63 1 2 2 4 1
498E-9Z F 129 63 67 4 3 5 1 5 B 0.89 4 2 3 3 5
792A-6V M 221 53 82 2 1 5 3 5 C 1.06 3 5 5 1 2
076A-5V M 213 53 71 5 4 2 4 4 A 0.47 3 1 4 1 4
976C-6V M 203 70 59 2 3 4 5 5 B 0.86 1 1 1 3 1
390B-7W F 131 44 67 3 1 1 4 5 C 0.91 2 5 2 1 1
910A-7Z F 126 59 60 1 1 3 4 4 A 0.63 4 4 1 2 2
832E-7V F 132 39 58 1 3 2 3 5 B 0.65 2 3 1 1 1
358A-9X F 136 59 77 1 3 3 1 5 C 1.07 3 2 1 2 1
258C-5Y F 121 64 65 4 4 5 4 4 A 0.60 2 2 3 3 1
554D-7Y F 140 65 60 4 4 4 1 4 B 0.87 1 1 1 2 3
550B-9V M 196 52 59 2 5 4 4 5 C 1.08 3 4 5 3 3
176B-9Y F 126 65 76 2 3 2 4 1 A 0.62 3 5 5 5 1
898D-6Y F 139 48 75 5 3 4 1 1 B 0.61 1 2 4 5 5
252C-7W M 201 49 61 2 4 1 5 2 C 0.87 4 4 5 5 1
276A-8W F 136 38 68 3 5 3 1 5 A 0.42 3 1 3 5 3
072C-9Y M 234 35 64 4 4 5 4 3 B 0.58 3 5 4 3 2
458B-8Y M 230 30 80 3 5 4 4 2 C 0.73 2 1 5 2 1
258E-9V F 128 30 67 2 3 2 5 2 A 0.42 1 5 1 2 5
676B-5V M 233 62 82 3 5 4 2 3 B 0.87 5 3 3 2 3
410D-7V F 137 49 80 2 2 1 2 5 C 1.02 4 1 1 2 5
594A-6Z M 220 46 73 3 4 3 1 3 A 0.51 2 1 4 3 3
334D-8Z F 126 22 81 2 5 1 4 1 B 0.45 5 4 3 3 3
452B-6W F 135 48 60 1 4 4 4 2 C 0.93 2 2 1 3 3
216C-7Y F 122 29 60 5 1 4 5 3 A 0.42 4 1 2 2 2
016C-6W F 117 47 78 5 1 1 4 5 B 0.59 2 1 2 4 2
978E-7Z F 153 42 70 3 1 3 4 5 C 0.86 1 2 2 4 5
256C-9Y F 125 43 70 4 4 3 3 3 A 0.40 5 1 1 1 2
616A-8Z F 130 58 72 1 2 3 2 3 B 0.70 3 4 3 1 2
774E-7W F 124 60 74 5 5 4 5 3 C 1.09 1 2 4 2 1
770E-6Z M 210 49 59 5 2 1 4 5 A 0.56 4 1 4 2 2
392D-5Y M 201 41 81 3 1 3 3 3 B 0.58 5 2 1 3 5
556E-5V M 209 39 65 1 1 4 1 3 C 0.83 5 2 2 5 2
714B-9X F 153 43 60 1 1 4 1 4 A 0.44 2 4 5 1 2
356D-6W M 193 27 70 5 1 3 5 1 B 0.52 4 5 2 1 2
678A-6X M 224 57 66 4 1 1 1 4 C 1.10 1 2 5 5 1
418B-9Y F 128 50 58 1 3 4 2 3 A 0.50 5 5 5 1 3
934B-9W F 154 41 73 2 4 3 1 2 B 0.63 4 5 2 2 1
936D-5Z F 136 41 78 3 4 3 4 3 C 0.91 3 2 3 1 5
