D 14.0 61.0 51.6
C 14.8 46.5 50.5
A 13.6 53.6 49.7
D 25.6 56.7 53.5
A 13.5 51.6 51.7
A 13.5 47.4 56.7
D 12.7 44.8 48.0
B 26.6 39.0 44.8
D 30.3 55.9 52.4
C 14.6 40.6 44.3
B 20.4 60.3 69.9
D 13.6 67.2 64.5
D 25.8 59.1 70.6
D 12.3 60.1 65.9
B 14.9 39.6 42.2
B 26.2 54.4 58.7
B 14.2 52.3 49.6
A 14.2 34.1 42.5
C 12.1 61.1 49.0
D 12.5 55.5 57.4
D 12.0 30.3 36.5
D 12.4 50.0 50.0
A 28.1 45.4 44.5
A 19.9 46.8 51.6
D 12.6 33.5 39.5
D 13.3 40.6 52.3
A 15.3 47.4 53.2
D  9.3 54.3 52.8
B 15.2 59.9 67.4
D 20.0 60.9 56.2
A 14.8 51.7 58.4
D 14.9 43.4 46.3
A 15.1 48.8 45.7
A 19.2 49.1 50.7
A 15.0 42.5 44.7
D 15.4 49.1 44.4
D 11.0 51.7 55.8
C 13.3 41.3 45.4
A 14.8 44.2 45.2
A 22.9 24.4 39.9
D 26.8 21.1 38.4
C  7.6 55.0 57.8
D 13.7 49.6 51.1
C 12.5 59.5 61.7
B 23.0 36.9 46.6
E 25.2 33.4 48.3
E 14.3 45.1 54.2
A 15.2 47.1 55.2
A 27.5 31.5 41.6
D 15.3 53.2 46.6
A 21.5 41.0 37.7
A  6.8 55.0 54.7
C 28.5 78.1 70.6
A 12.4 50.2 51.6
D 14.9 50.9 59.0
C 25.4 63.3 59.1
C  7.3 46.9 41.5
D 15.1 38.0 46.8
D 24.4 67.4 57.7
A  9.5 69.5 67.9
D 10.6 43.4 48.8
D 11.9 48.4 50.6
E  9.1 54.3 47.5
D 13.3 53.2 49.7
B 14.4 43.8 38.7
D 23.4 60.4 58.9
B  9.0 44.8 41.0
A 14.7 51.6 46.9
D 13.1 52.0 47.3
D 25.1 44.4 41.5
D 26.7 45.1 41.8
B 14.2 48.8 42.8
A 25.2 54.3 56.9
A 19.0 51.6 46.9
C 11.6 61.1 47.9
A 14.9 43.6 49.0
D 11.6 52.0 60.3
B 14.7 64.5 65.2
A 24.4 43.5 47.0
D 26.6 46.5 53.9
B 23.5 47.6 40.5
A 14.3 75.4 63.6
B 13.7 42.5 42.0
B  9.8 61.4 48.7
D 12.9 52.0 47.6
D 25.6 50.5 45.8
D 24.4 41.7 46.9
A 23.2 34.0 37.9
E 13.5 52.5 50.3
D 29.0 60.3 55.5
D 14.7 64.8 59.8
C 26.4 57.0 48.6
B 11.3 66.8 60.5
D 13.9 57.4 52.4
C 14.4 41.5 45.9
E 17.9 53.6 47.2
C 26.3 36.1 41.7
A 23.6 52.9 53.0
A 26.6 56.4 54.3
B 22.4 62.1 69.8
B 10.9 53.9 51.6
A 12.7 63.6 55.7
E 11.4 45.3 47.4
D 15.5 50.9 54.5
D 20.8 35.0 42.8
C 22.0 50.1 55.6
D  9.9 40.2 37.3
B 11.0 63.3 52.4
D 13.1 57.6 58.3
C 23.6 50.4 42.9
D 21.5 62.4 53.0
B 12.5 54.0 54.0
C 11.4 53.5 53.5
A 14.8 47.0 52.3
A 11.5 66.7 55.6
A 23.2 53.0 51.6
D 24.8 66.5 69.3
A 15.4 36.3 47.7
D 14.2 51.6 45.7
D 28.7 57.1 56.8
B 13.7 51.2 52.6
D 14.2 43.9 52.8
A 16.9 49.4 42.6
D 20.5 59.7 59.2
E 25.8 51.8 45.3
B 23.5 53.8 40.0
D 13.0 31.4 39.2
E 12.1 42.5 51.5
D 14.9 70.5 54.2
A  7.4 57.6 60.7
A 14.5 52.7 50.8
D 12.0 32.1 40.9
A 25.3 41.5 48.8
D 11.8 62.0 44.5
A 11.4 55.6 61.0
D 12.5 39.1 41.2
D 14.4 55.2 50.0
E 27.2 45.2 51.5
D 12.0 57.8 52.0
C 24.5 43.2 44.1
D 21.6 67.9 58.0
D 13.0 49.2 47.9
A 25.9 32.0 36.6
B 13.1 42.1 56.0
C 25.9 39.5 43.8
A 25.3 37.5 44.3
C 25.9 46.2 49.3
E 22.1 47.3 52.4
D 14.2 44.2 43.0
A 11.2 69.0 59.6
D 25.2 57.6 52.5
E 15.2 43.8 39.5
A 24.1 42.4 44.2
D 28.4 52.0 52.2
B 12.9 39.6 45.0
D 26.5 46.0 41.6
A 20.4 34.8 45.0
C 21.6 28.3 45.0
C 15.1 54.7 53.0
E 15.4 43.3 46.0
B 14.7 43.5 48.1
D 22.7 69.8 55.2
A 10.5 63.5 61.2
